POSX=278.3984375
POSY=194.203125
display=0
