POSX=440.95147426749
POSY=209.60796133677
display=1
